-67919
50968
3177
42797
98939
88888
-6718
-48703
15880
52431
35590
49959
42648
49060
83096
-9421
-5585
33791
-15179
-33282
-59379
65278
-36498
-66145
79591
22640
-24892
-86542
94906
-38709
-6140
-93236
-59315
55723
-79155
88519
-30828
44200
73106
83836
72670
95488
76138
-58768
51862
77124
43302
1296
23955
40620
35622
29830
81486
2130
52928
-92667
70555
54995
-56219
-73903
-60634
-13751
-21732
-26422
97707
22556
-77360
5578
-97980
-13681
46948
6351
61346
-26170
-24860
91565
92413
33672
-35066
36339
27501
75568
-89226
68300
-43192
-32287
30548
21246