-67919
50968
3177
42797
98939
88888
-6718
-48703
15880
52431
35590
49959
42648
49060
83096
-9421
-5585
33791
-15179
-33282
-59379
65278
-36498
-66145
79591
22640
-24892
-86542
94906
-38709
-6140
-93236
-59315
55723
-79155
88519
-30828
44200
73106
83836
72670
95488
76138
-58768
51862
77124
43302
1296
23955
40620
35622
29830
81486
2130
52928
-92667
70555
54995
-56219
-73903
-60634
-13751
-21732
-26422
97707
22556
-77360
5578
-97980
-13681
46948
6351
61346
-26170
-24860
91565
92413
33672
-35066
36339
27501
75568
-89226
68300
-43192
-32287
30548
21246
46750
-30149
-15803
-43790
20895
94415
51973
18957
97732
-13056
-64367
70559
-32400
-53392
-20165
99596
-89950
34725
-77726
81015
17724
96374
9125
-58749
843
-53447
60565
91701
74870
61099
66246
-32075
36673
-5535
-28281
-35477
-7675
92069
-70564
-19283
-33927
34707
-66749
-31403
29793
-13760
-99508
55189
86452
-51221
37976
17598
25415
44224
11700
28812
50495
56036
51923
-68391
61008
-57861
-67275
-33083
40412
86734
-64438
-76241
59203
-94355
6798
75880
-39103
27412
63123
13185
-25890
-93082
71627
-67033
-10654
56059
-64340
-18046
-47415
-24050
23550
15378
-66304
50594
86958
-32714
79133
-42311
-56043
-91328
83773
-68603
64834
63677
50346
8487
56958
78726
4451
92285
-98499
86087
31369
79247
-18649
-80758
49570
-42542
-41880
-14726
-98022
28939
90012
-48221
1998
-57759
97793
-34969
24744
79659
61699
-48997
81178
73239
-49246
76603
67889
-81904
-99931
16718
-54020
-79623
38694
71427
-45949
-41395
-64814
75909
-92040
-96040
-35568
65898
93494
82136
69921
86444
-84829
14966
46648
74972
-72061
-27578
-81056
82267
-76138
37583
63110
47787
91764
71708
36464
-74263
-54678
-71625
-28592
-50072
-16187
56561
89914
-78661
24750
97371
-71605
87918
-28184
-74722
80434
-8899
-10786
-82683
-19479
-67976
-73005
-61766
35999
74933
-97110
-77912
-61700
-51224
24566
37913
87472
-18979
74230
33974
-30490
-13716
80467
22249
56427
46191
46334
-75525
19691
80036
92269
-9475
74391
57121
-76783
42609
-94792
-64558
69431
-86095
-21999
-88651
95799
-50378
41116
-44916
5892
-89459
-40234
-23672
-18469
-27362
16751
43210
67517
28843
-19927
-13168
43919
-78346
40724
-11283
-60235
27481
73592
35580
94987
-24915
-35346
-80434
73971
-75340
-85758
69871
-87035
59796
53824
-57701
-34756
-1953
60908
45849
-95318
81387
-73492
-36824
19923
1154
1244
-9988
40381
12455
-24357
22503
43956
32866
-44148
-16305
72943
-60072
-25006
2101
61106
44010
31484
-64483
39776
1569
10293
-24438
-17968
45071
-18372
22814
23769
-75253
89498
15399
6420
-39794
75400
52169
-15693
66750
91962
40758
24221
67017
-51853
-63305
38724
-57334
24614
380
44963
-15001
49899
84197
-45453
-35372
-51872
53417
16913
-65182
-85574
-86401
-42342
26635
-58497
-39963
-50877
10577
66868
-51292
13593
72114
52160
2827
-90899
96225
-69589
-60479
11450
-25952
11512
-43824
-35898
2415
-61070
-20949
-91687
51896
20821
67026
-88210
-41417
77363
9082
-51936
-66619
85910
-37200
23254
72119
62465
-26411
-58026
-8629
14827
7088
-81266
61392
53996
51191
-79553
-89413
-34436
28408
-68196
-10221
78174
-20638
67208
26337
-14942
16798
52189
36359
-74358
70303
-94702
97366
-15381
3623
78165
7965
-36954
92769
34469
-99415
-7483
32397
11061
50856
94299
-79179
58669
-51405
51584
-47364
-20085
83404
9359
697
82713
-57466
88635
-56157
-19200
86988
56164
-84649
68265
-68283
-78912
86320
58591
78604
66711
-76456
-57344
75061
-589
48230
28924
67723
38989
26531
-45646
8358
70621
62196
-74534
-93766
-72368
61648
-19349
-86352
17739
-46310
-53889
-82227
66713
11875
52761
59407
-68461
-60450
-21896
38504
-83409
58393
88554
78228
76049
-48711
61772
56169
46050
19285
86065
-49640
-63397
82535
-52189
-6442
92851
-49884
81036
66219
-60416
-20427
19830
44653
49166
42767
-32336
89167
-84461
30733
-91559
71721
-29340
-76635
-88245
59004
63402
8
4969
-18037
-22750
-59340
94329
11677
66092
-24485
-25770
35836
72119
12615
27877
76603
11833
2832
-31606
92537
-83426
-82519
-70761
-654
-55640
-2603
-29815
41882
35464
99769
-53675
-25915
69476
50679
46728
18000
33159
-33238
64434
-65134
-66603
-6130
-8408
10021
16012
-12671
33894
-60129
80429
-80695
10396
71059
-17999
-419
45701
82997
81745
26072
-47466
54944
-63632
-80684
52748
78775
-41441
-11921
-49518
45803
19559
-14557
-95021
-35803
-80647
61667
65126
2827
75236
73296
66124
-1645
68977
99695
34369
82492
3930
34099
-72996
-95367
99037
26619
41709
2524
75455
-50419
-74725
-73250
-48844
-18759
24890
-44512
-22246
23159
-932
-80000
95407
83934
16842
-2444
52924
51189
-1804
-23150
-33466
-83762
-30135
-77506
-2292
88984
-82554
18961
-40357
69033
98522
-1226
58862
-29090
68085
-83355
-58867
-70828
29368
55473
-55020
23928
-60147
-75274
-71144
-77189
-64904
-62073
-41810
-82412
-87700
-9002
-25499
-33733
18266
-25796
-67228
-81225
47951
52307
34616
2206
11217
54752
-65093
46631
-22048
24968
-52761
90602
77074
-63482
63486
90582
-18208
20512
9310
-24163
-41513
-27090
-24264
75542
-90742
70000
597
16952
20013
-89661
-70293
35214
-14255
-85703
93682
-88123
-88607
15150
-48347
-83049
-97976
73135
-69650
-10649
-77648
-16968
-75151
-87515
-78141
-14033
25442
66653
92007
75544
41339
78592
-69330
-43938
-2593
-80292
70609
-1463
-59121
91564
-39940
42516
88297
-82364
-69045
-64119
-8332
67807
56132
-38584
76251
88685
-80493
46334
-34734
66495
42541
25199
63983
44662
-67006
-47382
528
37309
73830
-68567
-28597
16949
39130
-11950
25047
80136
57275
-67878
-56982
84410
-14337
28733
83849
-17254
21431
77336
-14743
63126
73408
5730
-95260
-90010
79767
-24458
-12755
36042
30586
61923
39752
-9091
-81219
-81419
88294
-55605
-71727
13857
24034
20593
33370
-69791
2193
822
41471
-38642
37921
75634
3692
9553
-24727
-25272
-74965
-92450
33122
-79629
-91638
-32928
-61416
60724
-74252
-77662
50864
2821
-14926
-4357
15881
88586
50998
-54904
-18171
11594
-29372
-58004
42617
11915
35445
-59509
-81004
-55463
27599
-99072
7562
65145
-20515
74526
57561
76910
177
-62430
-45219
-51934
95908
50907
19067
-66585
82762
79551
-40265
68475
-78645
52238
-78816
-56597
-81555
-9785
86158
60163
87469
-5465
-96133
-83514
-50991
2730
7151
87426
88927
88506
-39598
-46094
64370
-51768
-57422
-87708
89836
-55717
-53512
30522
-95896
-91569
-98878
51436
-81684
51987
-11570
53156
2193
80944
-67637
33619
9288
-23374
99666
938
41439
20188
52817
-70771
19515
79241
-47622
2647
-62316
-68651
25276
-7719
-14016
-3801
-16874
-96917
-10825
-78533
-46132
98332
63313
32412
88549
-53867
50262
57541
-13672
99971
-97724
2802
-47172
-86547
-55440
12672
-81692
48220
32532
-74589
-76498
-71140
-93857
-46837
-58547
73044
33946
-44127
21814
54702
73561
-5167
-76936
74384
48365
56387
65092
-87044
19628
50466
51501
56441
45557
-8577
-12296
-93587
-99709
1334
24504
-26955
80740
-19143
-36983
-24131
-31431
-92824
14156
-48248
6580
35236
82381
-97364
34873
-28602
45308
76216
82678
86789
-48861
-84608
43313
46016
-90821
88021
-64433
3018
-99912
35141
31513
43766
72596
71728
-63819
-3449
-75305
-79633
-94534
-69687
86830
69710
-62920
-83529
-31685
-80425
-34994
79745
16963
-25397
8605
-44557
56652
25033
-84634
-69569
16691
46953
8750
-14180
64383
-60254
-57730
76202
81472
-24086
-34158
52495
-93192
-57547
-36740
-68174
-65732
33269
-1745
-35184
-29319
5207
82481
72465
92945
99514
97977
84086
99534
-1008
59032
-52028
18652
-29927
65737
-22440
-53714
63374
2850
88671
-99554
49590
54966
-38263
32965
-39701
-10378
5209
16644
18837
-76762
-23801
6600
-86998
-28014
64214
83107
80123
72619
-55634
-99300
42886
-53467
-88759
30393
-83368
68515
84562
84315
10407
-37317
78629
-30350
-20795
31242
71665
-70220
19000
-6514
87228
-75964
-21666
67998
52991
-2093
-21216
14848
1920
-64512
-9827
-15799
-45763
-36935
-85971
19492
72691
21
-64671
26978
44820
66991
-87235
35786
-22049
25662
85525
15733
-21717
-20478
-50780
45768
51680
20304
51614
91180
40357
-35448
20882
-10
-38932
99016
-22585
19522
-69557
-36846
-44252
-16559
-21000
-20435
15880
8473
-96962
36953
-62437
-50040
-30429
70806
-72471
55067
-57668
-83052
-60693
8039
82917
-91984
67846
43130
-52644
-12240
93635
-39070
59350
48684
41604
33291
-58242
-35164
76150
-49280
62489
-12961
-94451
15774
-33882
-66652
21868
435
-97307
81335
89023
-35642
-59306
30884
33203
99839
-7498
1501
-3513
93425
-82410
8372
52049
-31869
31373
41863
-67570
44239
86264
-53098
5135
-16322
-89527
30770
63786
-48210
-98844
13150
-1989
2185
-76163
35339
39979
-72891
-16879
31720
32922
57759
326
99566
-14264
49900
-26
8478
-94591
60780
67580
-98314
78171
-86668
96501
10619
-17936
96234
81002
44654
16715
25015
-18072
-18700
-71768
29192
29753
-26805
69217
79104
66701
59245
-97483
77826
-9411
-30825
-77803
-96029
-66545
-1973
-65336
13418
-75059
68942
-48984
-35823
76803
97756
81146
-32365
82820
94834
-25329
-52859
-23682
94553
47349
-61867
23493
-30129
43542
73736
-1736
-16963
22789
-87626
-2542
70501
-19246
-14021
-31854
55984
74681
23184
86306
64523
-81938
71547
2493
-77289
-44032
-45119
-39404
38759
11691
-35165
32455
-1294
-29078
94077
-78295
68424
28308
82533
-30726
-32876
42408
-97430
-68629
-57178
-54499
-82992
-75106
-57506
28734
-91347
-34562
-14246
-24731
-36889
-41514
-31118
41012
44063
91640
-93248
81922
94005
-92894
98789
84322
1560
-92515
69643
44914
-45413
-34013
-7030
-88065
-68423
33067
-63355
74623
-48457
22481
6397
-4133
99496
-57949
-78641
-40596
25691
89740
-99747
-18265
-99348
32775
-39273
45020
40057
-42055
-47125
-39132
-92443
58734
21025
33329
-34277
99768
25426
49931
-92700
60812
-5111
21245
82195
-52141
-72818
94320
-16025
-92242
-60533
-2749
99820
39891
-26446
-33671
82842
-17425
-76953
-9658
83658
73789
75724
72130
-57452
-6155
-47195
-63990
-74273
-42236
-44651
-40101
-40666
55046
-93994
28402
60003
49028
-86974
49741
88030
-30948
-68858
-97158
-71128
4531
-63502
63068
-98571
49190
-23672
-31194
99535
-62071
88852
-50392
-71967
-25897
-12793
34710
-54458
68318
-57916
49039
-28321
-23161
-96175
-54342
19766
69799
-46236
-62587
99699
84417
-20607
42610
24181
74737
32286
70702
-79574
-93615
21767
-2964
38529
-26367
-52117
-43680
88963
43621
-48720
-84821
93079
-41972
95713
-51627
18462
49864
-82223
15500
-24785
-99065
33057
38981
-9043
-37779
66019
-14956
96449
-2490
21105
20991
83806
-19366
-56467
-52263
39565
-5216
15418
-50399
-24095
-32440
34800
-35132
-81687
9596
55335
-92424
3138
-7843
78584
-64331
84498
81278
-18618
62493
-11518
-11199
-20633
11833
-64731
97696
8707
16920
-20765
35654
99625
-48887
42290
-13082
-59978
77027
-33502
-14041
57761
-32120
-65359
-83441
16226
62678
-96163
4759
-75516
38378
90262
-1269
-63296
-41082
61906
34075
74855
75658
25775
-76297
-88671
84416
-1943
-77382
91229
12787
-96842
12035
-89261
-88746
-21605
87592
59905
62108
-42714
-97755
-52412
-81835
77409
94597
86717
-31840
23612
-44690
494
-90147
-19583
97542
-39023
-39917
95370
-92142
-99234
85797
84371
24954
72972
-43870
73696
98106
33993
-45769
-17631
38869
1646
-33113
-3201
43506
-866
67067
-47736
16628
-58549
-67321
-63926
69184
-8327
-37873
32647
-83221
31634
8637
-47843
-59947
46864
59222
29869
-21820
72355
101
-42265
-33563
7967
-65961
6693
-9017
-12507
-11059
-11818
30346
-4350
-34902
-80265
4800
-45042
-78275
-275
-68288
22387
52122
26891
60301
82482
-97574
-93994
30406
28028
7947
45831
-71302
-15005
-38631
-54843
18860
59972
43482
25544
-19980
16261
27711
7961
-56521
-25525
19142
-3343
-88468
-64163
-74625
91427
24477
69510
-40196
38034
34513
68298
74742
-83337
42104
-61096
88314
67886
-40260
-89084
-19177
74787
16219
-40647
60666
76926
-84133
-20224
-35847
80886
-42974
-66517
34138
-68783
68595
-38033
78510
21848
-75408
-2633
-78149
-78357
1805
-60480
45518
36630
39508
38024
40373
-13993
-18098
-92972
38026
-74788
-91296
-86652
-73736
-79271
-36145
66248
-95719
-8052
-20975
-60829
-32411
11618
34759
-431
52290
9573
3030
5709
46806
16652
76495
-46999
-3357
64653
-14410
83306
48938
81426
-25934
-21574
-81410
-49701
66538
-13720
-23588
-80186
-35057
-57714
38834
21837
-72100
-82634
-89701
35564
-62399
-4524
-19997
-84962
-51568
-11608
49902
80538
14569
52434
33488
-54315
8966
75068
96328
-77783
-90783
1844
36246
98324
-93389
-73640
-97123
-99244
44895
-77763
-20359
61165
42816
25735
-16904
9453
-92115
44476
-80240
75809
-79345
63852
25099
-65634
99966
47138
-81000
17348
45750
-78211
48817
27050
36000
96564
39789
-20836
-43122
-49486
58427
-50341
-6148
23920
-80030
-39427
67908
-3127
48205
-25911
78849
-45937
-6050
-56327
-58881
13319
-99513
73790
31975
-45488
-17378
18634
-49487
-34229
-96138
-77798
-28898
-47553
6621
-51741
1314
-3200
-45378
83472
4128
-73558
20818
-78220
-10983
32698
93342
-76213
-51400
20924
-23564
-8776
1750
-2185
14671
17828
-15740
-81199
3592
44713
-65645
-21340
-75388
51460
87342
4767
-67343
-37856
22570
-74359
71789
-48704
-60076
51299
-10315
-54618
80129
-81631
-64519
-41377
-14162
-51894
38372
-69955
-72695
-85822
68627
75661
59531
-65745
27768
56175
-95927
57021
-72247
71569
-84052
-90447
9000
24307
-88054
18271
1766
-74941
79554
23867
93466
5255
-21356
-75580
-46514
62183
-98694
79796
82746
61090
-67520
93932
-48289
2308
64540
9295
11282
95802
31465
-79342
-8847
36046
72192
19915
-96599
61665
28065
54850
94018
90049
-51781
27010
-33977
64035
-85383
76395
80031
-87810
32002
4699
34642
19508
-42008
-48600
82305
-67490
-31298
78109
65628
84905
28714
-65917
84026
52528
-60396
12571
95115
-61549
65484
34144
80083
86092
58372
-94177
30570
33727
46571
-35625
42600
-5522
76508
-48061
-18318
-94824
-60029
-73820
-27910
83992
52217
59017
33952
51716
58093
17011
-12283
74222
-74794
-61091
35651
26712
-48536
-39348
-82791
-54238
-88332
21891
83421
18913
-37889
74149
17141
-30525
92398
64223
-1991
54226
-84960
32514
-59573
45494
-824
86754
-16702
45122
-71594
21538
62395
20145
19662
12183
-69656
52865
92491
-17082
94988
-64625
-59286
-23493
63967
57674
12039
43879
12916
37944
-10423
29301
14286
-51817
-36266
-20380
-81008
63090
20855
-95872
4941
6517
-39214
1414
62537
31825
75245
60568
-15468
28420
90829
-36599
-31855
67021
57714
-81607
-46850
48421
52951
66977
-45993
1959
17541
-12243
35834
48743
32541
-76989
61662
-1893
57439
-29581
25311
-70964
57880
14341
-44817
-60826
-43214
-67138
97804
7662
4553
80588
-95087
53853
75108
-81950
70679
83753
78577
-84590
-490
-12129
-29417
34871
-80926
-3990
-53411
-59693
416
-33400
-65739
-81030
36797
57049
92221
-28139
47435
-26043
70618
-76702
10081
7979
82713
-57636
-83814
-74652
-68807
81563
3672
-27069
-74918
-50312
-17842
-48462
39736
5699
-99344
-20327
50749
17030
-99005
-77807
91470
-39785
40831
-33096
-49886
59711
-6778
-83192
78452
41112
88588
-4045
-5665
-40653
-80659
20208
-57809
95766
-89382
20119
-6112
-96401
-55191
16308
-97270
-26102
36106
-66123
-99023
9712
-89883
-66891
23915
51038
97069
68109
-38787
-73577
-26881
-40878
-62632
19952
9243
35198
-90359
-26343
35731
25946
-15203
41550
31475
-76274
-19385
-71427
7514
-69207
-58009
5010
93374
59956
-8541
-65011
-35529
-13829
33253
36788
53226
-12872
-41941
80745
82174
57067
-73531
-70449
14437
63008
-34850
8477
-50945
70502
76954
-33160
-86923
-72710
15894
-91963
7067
-42033
-41100
89170
-98257
-34803
-297
78351
36637
-48446
76175
-35426
39594
-81275
68181
-9414
25326
-22726
-99435
-55765
-47687
-85510
-15625
26241
-8426
88237
9527
-13905
-38454
-90656
-46174
58290
55006
-12700
-91356
53988
92126
70683
94126
51108
-83781
-47362
-79494
24027
-4648
65098
-34547
39698
82417
-85625
-53891
50154
79460
-80527
-30419
-51354
-83393
-67795
-24993
66213
-15847
-97298
6321
-12533
-59004
417
43215
-98938
30567
24911
68643
96330
-54999
3069
-53547
-2497
-33900
27526
87665
-20064
-11289
-41884
48435
36146
-75666
94792
41497
-43763
-58702
-73568
-18964
-57414
-1275
30954
42233
80046
6205
-59160
85097
48919
-30003
24442
78580
-28968
69365
76770
33583
72154
-5560
-60697
95288
-80128
92437
46551
14895
-72732
-11496
91692
-97278
-74997
74576
83634
-11749
22005
-185
49820
-50497
8012
93697
-77233
4993
8230
-45032
36306
71455
92043
40365
54660
-37503
33599
7912
-69967
-31163
-7737
-73230
-96864
-60780
78242
-26781
-27075
-61372
-64653
33453
57244
42404
1491
59748
23991
-74176
-21110
92007
-76666
63836
7959
44790
-50611
59065
-83329
10899
-36122
90270
-66129
54252
-11655
71115
-73415
-65181
-23629
57244
59500
-92457
23510
-7063
-75889
-74554
14882
32774
34900
85628
-45106
-99990
-98397
-40832
71175
63870
95573
-59334
37911
66913
-8413
44565
-85229
87361
36216
-68982
-95778
-4007
-53747
51616
-50588
-29474
-14737
47595
-98383
-40500
98792
-43958
-81858
-35185
94890
49351
54123
13480
-86521
74931
-98298
-8181
4779
59020
-96095
62209
-59145
-20047
-68353
39965
98479
-90475
14947
1650
62594
-36615
-62810
-11729
-92871
14868
-58478
-69934
72678
88766
-16625
-5966
75901
-78158
-36686
-65377
-70031
675
43445
941
-17083
67159
-41128
46570
19565
67931
90011
89449
93622
-90586
26270
37091
-38812
97597
-86580
65914
-56008
73430
-87461
-40643
76759
7046
95864
16926
68174
88172
52470
31094
-53075
-64357
54899
-35702
3431
49488
-62574
78643
-28224
25994
-65183
73066
53272
75347
68732
72416
49819
3654
15523
97375
61211
-78726
37185
88654
89748
34628
25966
38308
1292
-3846
85592
-28280
-15615
-77880
-80816
65519
70813
86563
-78496
-23678
85327
85433
-36839
71190
-25922
70648
32038
90587
-87934
51032
98051
16868
-37847
21263
-9459
-7029
-55181
9472
-31865
-9137
-76436
61573
32100
11282
80479
-41514
-71232
91417
63810
55604
75262
-42402
-113
10424
-69470
89763
-67122
8424
48279
50504
-25239
-27147
-81825
-76177
-77530
-16843
-55182
54920
-79484
-8524
90489
97378
45656
-50476
-35215
-46746
21371
67613
-30317
70048
3766
-33518
53828
-31461
11904
-27993
-13413
-12043
-11954
-85226
52485
48414
-85951
60954
-27897
23489
-6520
-19236
-46063
91626
-62883
91592
-31382
84924
-43253
-46014
41198
-75089
3494
59743
-26775
54939
-27941
-71822
50935
-44518
-84276
57164
52229
41759
43963
26243
86719
-32525
16607
-56245
-79681
63415
-14576
-2033
31010
-16872
34929
-78401
24713
28408
59656
-13472
98982
-41574
-17566
-71035
87970
53992
-98380
-16853
-12199
42087
13496
-3904
-61599
-42422
31806
-14949
46783
-5248
8762
64994
45499
6977
85218
-18596
34976
42705
-87162
45025
-71499
67377
80569
90884
-21445
-17996
-97133
97832
27363
84404
-21125
-69707
-25175
-98058
24494
76279
-10439
59374
68130
-34676
-54670
-47152
-79034
62974
-84890
3828
-71050
68462
68810
46213
-41816
-99873
-57433
79585
-26518
20050
25564
39939
85891
-67234
67188
-99690
55532
-58595
12843
-23615
-5437
-86196
-66031
-80942
69848
89734
49473
97469
-84372
-33047
-95837
-70602
-55344
-66426
39193
20414
-90880
50518
69989
-29797
-34598
-25991
-59240
70207
-34214
82552
15537
26429
-75299
-73255
-46775
-21411
17039
61235
68461
-24765
-56632
4756
8580
75613
-4986
83168
-30817
-10012
-35483
-92636
-98157
27279
25552
-964
-23784
-52449
-43231
91955
-58698
51741
82983
83961
91462
-60671
35009
96081
1332
-60199
-88948
-12996
-95405
-76366
11728
-71073
-68100
-40206
-15359
-56270
93083
-26749
75321
47059
40075
-90576
16319
-35106
-93154
63367
-60009
7010
80928
74935
-43186
61326
12595
20818
31093
-54634
-36717
-7065
91304
-34597
-75085
72761
94083
87942
-84891
-25025
-52436
-56657
-41237
-43406
-24684
-14236
-1585
-98708
85150
-27581
-5025
-39202
-75727
-57988
-27678
39970
-10754
-13185
-23248
42231
-79676
-18764
-18637
43534
10965
19991
71762
10275
-93394
-77276
-44420
89056
91113
94908
-96089
64059
22543
15915
-30177
-97803
12981
45534
-97444
-82874
-66218
-16208
67910
36948
71519
-23497
11320
-92975
53801
-7849
-87895
-1620
72319
11268
90579
63740
59180
54570
-42097
41588
98166
-21426
57227
-35863
-45357
24093
6138
69387
-32356
45962
-194
29601
-82442
-30884
-82078
52631
-29309
28578
-83524
-89261
61550
-81161
-83295
85688
2197
70496
7220
-69093
54230
29748
-57142
64448
-64220
-66386
95903
-32634
35020
-52048
52281
-67503
30560
3874
44175
-82892
50201
-90645
51972
-41937
15768
-39642
6388
2598
53813
-19529
30670
83963
-5548
28631
84126
90739
-42751
48434
-18315
-85029
-11737
-20547
-83905
-39502
-28284
-44798
-71730
19629
-81171
-55681
-86241
-93944
-76290
97277
89508
-56636
-55031
-9939
15530
-27535
-75500
-39565
94801
-15551
-13114
-70973
88727
6973
38441
-4203
94211
-65689
-32269
86167
87864
45840
37479
37180
-15061
57192
-34811
59612
-88608
-69910
-85052
45710
19709
-51120
-39929
32933
32120
81626
-50565
64973
47812
-55211
-81200
-89650
-53662
37733
49678
-86894
-59794
-56587
6782
-18223
-6176
-30961
-89804
6322
19220
-41686
-48852
-6831
-63501
87656
-13650
90151
-54129
-90277
-87909
38386
19279
-58754
69330
-67828
-58586
-89156
-82877
-8028
78676
-55911
73812
9189
-74618
47137
31277
-42059
-58534
74415
66128
-26623
-52863
-48344
-96659
-23438
66398
-95230
5541
-36576
47306
99788
23197
-8032
10823
-77930
9695
-98452
69702
75414
-66704
-29627
88463
-33194
38185
-99781
115
-40619
-7082
82432
-73670
-70807
61760
-42036
-6186
51448
-83071
-7575
-29058
98364
17710
-30582
51271
18081
67928
-67166
66836
-69822
37341
-12202
-11214
-38593
-26872
56699
11761
85080
-29608
-74995
99561
73053
88827
50914
36933
2788
21423
-20804
67707
-49862
-36431
-75187
-47766
93349
-72136
-47836
17222
88630
97392
-31277
-7123
-72388
-37001
40060
68950
-35990
49938
-8133
79760
-84378
87628
-84618
-90194
-32049
-51335
98471
2649
53938
-46278
44506
-41131
71834
88888
89568
-86814
-67844
-36636
-43760
5769
88696
83186
22648
95566
64665
5445
22229
98292
-94741
27480
-55900
-64329
-99701
2368
-42640
98352
8097
37065
88632
-93302
42554
21118
90575
-94321
-8239
1034
21978
70340
-98620
-86350
52991
-72095
70263
-50892
-92817
-98966
10356
91767
-3643
-76957
41557
87932
58692
13578
57982
4890
-23997
9909
-16914
48892
39050
-86996
-27927
-42418
-60728
-16728
-86197
-70301
81318
43927
-73968
34830
13216
24086
-34725
-19601
70922
-34587
-83692
-91248
-38897
77243
-70348
67771
-69349
-84797
-75420
-94310
-26346
77114
84684
34312
-29236
-93525
5957
-53844
-22090
-34089
-85337
-19768
63336
-214
5795
36898
88140
-82307
53610
-56220
35343
51609
19942
-12616
30287
-49012
-75318
-13166
70632
86816
84191
48271
-21013
-50315
24321
90106
-80009
-14125
-65997
28237
-71785
54796
-32391
66293
-82915
-10909
-45971
57057
8544
1882
97989
-59434
-39626
-7842
-74021
-9509
76414
-89644
-14599
72464
92042
-23645
-45192
1521
-94014
-67208
-55026
-46806
-24911
85304
52695
16181
-65887
89356
24919
15898
-57445
82284
39668
19301
7351
80491
-57565
-16328
-66274
90801
43255
43777
-14465
-32266
-43586
-78966
3999
-59186
-97394
55940
-9679
-29416
-1462
-20229
-28920
78641
91103
-8695
33965
-57526
-47894
41397
-83719
-55831
58136
88724
16694
-88800
-78833
-17253
-94258
-13877
14451
-62643
21194
-1377
-32130
-54770
99240
-88526
27305
-79274
-3675
-78895
-64863
75563
1493
-4103
36744
-53962
62407
66317
-23849
-73881
-289
59912
72848
80457
57181
97380
-22490
-93943
83186
40180
32036
-46797
11362
47990
22802
10234
79921
38091
-38416
554
584
-47467
51562
81708
98919
-49771
90585
-41913
41967
71286
55762
-3860
-9695
25471
-51172
-88331
72044
-84516
-5044
-37022
-820
-99032
28533
-15030
15749
-2540
-31177
24840
87236
-96783
-56206
7866
12517
-67550
98895
98324
-27653
46402
-66709
-47680
-19503
69420
-30039
97641
75800
46343
99136
95067
25699
37661
6818
-15140
43881
48975
46849
-28783
56854
91816
65355
177
-94549
-24386
-63199
79686
-82725
30446
-18356
-76403
-48566
95218
88033
40216
90005
27786
98824
51219
33576
-27111
-87312
24687
31911
41999
43670
13196
-98826
81733
28952
62370
90571
-7284
22917
-72935
-88063
-14472
95893
91062
-65806
27861
-9092
66466
13698
9816
-23356
-1310
98082
53511
-82775
93338
-96439
-96118
1093
77111
-68024
-9480
98434
68139
-87327
22935
-36783
98323
-62973
27461
-1796
-6114
-81508
-96036
69963
46790
49220
58095
-49226
33186
39869
39007
-65508
52357
3300
58754
-78858
-24039
21771
8279
-85967
18277
91598
-1519
82040
-77032
-76944
-57536
54298
-90921
-74041
40038
-68670
-28839
-31848
-42743
-95694
-13383
15585
75943
-78953
-23474
-55161
45659
-40686
-43898
-46528
47258
59944
37416
68505
62260
345
2617
-11838
66542
99990
20817
50264
-56435
68043
-43647
-98156
-85994
66810
-36197
78932
-8852
14916
34187
-56016
71139
-92082
-76743
99045
67287
-7290
59136
-7031
46063
-27198
56979
74145
-41115
-51372
-41672
-56575
73717
20164
43272
-94748
-47668
34712
-89789
-19986
-16527
12337
-81801
58300
-63209
-8917
-31148
96327
40182
81263
88917
-12480
19348
-26040
-89809
38053
-93852
-32634
-96596
-55540
3425
-21654
-35971
9360
45763
-59717
9342
-41419
-38656
-77312
66834
-59388
27701
19370
-48836
-76313
-31564
-64097
-43211
83453
-14796
-76791
-58236
-17896
80117
-30758
88681
-26330
-84190
14122
83709
58545
36782
25912
-9768
-75870
-92873
92251
80300
64805
-58849
88134
-6266
-4341
-12476
81594
75096
-14788
6528
59561
35881
67266
-15649
-11807
-41089
72586
7279
-25885
50392
-10989
86595
34067
-10209
18098
-57156
-98888
42774
-55911
-38077
-96024
-41703
-90089
78955
-90481
-30201
-85318
-89660
-96605
-99991
-40067
85091
22800
-48664
99701
20233
-76793
78920
-38319
64831
-9804
-20301
-11562
75180
80222
-54609
73712
11355
78056
13720
33773
69848
83869
-46417
74959
-83594
-59873
-61867
69807
-4972
81398
49665
81993
-21826
11859
16993
-86540
39478
72471
90642
74222
-96800
95709
-80791
51484
-87381
11243
-90674
-83643
44688
90406
15712
84995
-70216
24884
-5659
-75177
-78961
-84185
-2028
31643
-9810
-84203
54617
2998
82139
-46693
74957
-29031
38214
-96634
-63949
-48112
96941
-12751
-53299
-58923
-43423
13447
-77501
99217
-96687
77933
76627
31559
-19576
-78033
-23367
-36654
-43157
76910
21475
57412
-83455
59385
-33132
3312
-11338
10381
-31313
60365
-28928
-78719
44404
-98430
89356
-48213
75866
6163
-45681
-60465
91442
-76570
92171
18616
2446
43026
11696
-61250
-38676
-6034
-57637
-23153
-48744
-28861
-95445
98271
39072
-32479
35733
-85068
29384
36925
61292
-72687
71631
-65406
-66875
-37146
52636
8889
74302
90343
-26879
82622
56955
79419
-5395
-79694
-76652
-15928
-60858
20134
-18708
-1347
-15619
93694
-17167
-23824
12650
-38989
-69565
88681
-51105
70905
41279
12893
10729
-21073
80533
-96289
-94842
38212
-11582
-34285
96878
68935
-95019
10826
22995
71378
9711
-32613
-60673
-21432
14061
-16892
23147
7681
11662
-78801
-97166
89166
73657
43323
52373
-93414
-34767
-6434
28887
69047
33416
46858
-5268
50152
4081
78002
-61737
-8571
-40809
-61334
12997
-7891
94869
6556
-29095
53254
11502
-16192
-92906
46783
37450
98395
-46586
34575
-6661
39823
-83192
-74254
-91967
-6585
86824
64961
-87400
-96700
9552
-53194
-2619
-52560
-25903
99398
38230
56769
-85007
76080
-43496
66270
-28619
60673
76388
-3476
61383
37721
68219
30817
-4904
-33635
-49361
-41041
77820
-88357
-6400
-98871
-31666
23899
-45376
-58841
-55267
27366
46910
80263
-74094
90811
-37733
29527
19640
68008
36824
-8638
-41658
12428
-51512
62413
38178
-46914
21183
-1444
56128
58648
-88264
4864
-91034
-94390
2820
81824
-63367
-97011
-81670
46222
71843
-39276
25588
-59290
-3258
83248
-95089
-1650
-86096
-60939
89628
80736
-48474
31434
-58096
48813
10411
9825
-59558
15502
9785
50138
-12233
-11259
-27305
-3388
-15815
-22535
83476
-21669
94193
-72449
30090
99375
29045
18983
75052
91411
56974
-82138
75585
18688
73750
-43635
2421
-37713
36146
65972
31951
-47367
-67676
-71452
-17331
-56431
21229
-23564
-74051
-23558
-34232
-21693
-83856
-56077
-62100
20909
-62614
-21718
-98405
92305
8743
82596
-2117
-72899
54293
15470
-45272
-79182
15367
87953
29206
-30163
-74090
90522
7205
8859
67354
12096
-70657
-6824
11649
-18490
-52353
-15292
18416
95895
75799
17709
67295
48682
35407
-47165
75012
51318
54095
-93863
94216
-9593
-41009
32787
92887
-11074
77099
-52355
-41938
28102
41215
-76261
26712
-58910
-82509
85322
-255
4057
71544
-79609
-70208
48831
42722
94833
16853
67899
-87060
-9487
-80159
-63364
-9806
74312
-5617
-12085
-70935
-60329
-25976
-50725
-54111
-3641
66515
2025
-49452
-14101
30749
43332
63195
26496
28568
-27251
-72453
-34459
-43118
39976
11977
653
60463
-44152
31819
52998
6998
91477
92118
30310
10841
67189
45219
-17481
32058
95308
58156
32595
15620
53378
-41654
63726
10493
94753
-61394
28538
-76171
27055
15590
-58070
-60474
-36251
-49979
-81791
-81135
-19702
27165
-42828
-46518
85520
81657
87188
89557
-88784
71774
-70685
-62834
19549
26505
2569
656
27660
-91408
-98624
-97283
8487
99198
-22560
-5395
-29980
-90346
38843
-32762
23533
26669
-48604
-19705
-57405
64927
-57265
-82066
-71740
-65473
87435
71839
-34823
-39350
-12076
-308
81598
24906
48039
-19696
39578
53491
-47981
68836
2988
71271
-49811
84088
50098
49784
-66908
92969
36732
-80089
69745
75569
90654
-12679
50757
-24392
64326
8908
88062
-7220
-63475
17722
82690
-18689
-69055
-91118
62835
-26312
8937
-80246
-78236
-98267
52838
32637
59605
45135
45125
-89622
36442
10719
-60268
-39782
99502
-34941
6472
2290
-34677
-91973
-11066
-77830
-46802
-86050
-21618
41186
-64654
-44528
-15967
16351
-5923
6509
53144
-51313
-58666
10923
58130
-75002
-7861
-68664
-89748
-5096
-36257
73798
-11327
79774
-36006
-37525
33071
80621
51945
-89110
66075
-68780
-15996
-39363
-6924
19795
26553
-19255
-48019
-66415
86414
68048
13114
-40180
35071
30817
-89181
-48652
48396
10553
-30485
-63908
1308
60099
1498
64290
-11284
-81615
11277
-39528
-78817
-7709
-52002
-78965
-94598
90945
53607
-30405
26374
88717
-75247
-66869
-69778
11302
13524
81016
21939
83763
15301
-68698
-70946
-50993
70147
69232
-56812
64137
-72656
-94750
-84632
55981
-29037
-43220
69693
91335
87493
-43357
-87146
-8630
-47604
7222
-49852
-82022
-2060
-67375
34727
84015
90832
9382
-41886
83730
-35957
93048
-18234
-26004
14604
-12971
26804
89871
-18954
8518
544
-21422
-33434
40122
38434
52011
-33794
95315
-24981
92109
-81349
-54562
-93739
-71938
17060
56741
-1336
67229
72988
89707
-66137
24948
-40327
72180
-54328
94333
26039
13484
-82746
17483
83298
-40150
19616
-55617
39516
98663
78811
-82164
-79966
18984
29897
46664
30465
53589
-58314
-21936
-60309
-34533
-19987
68048
-25860
-65473
44543
816
28410
21686
-1256
-94665
86529
41867
60868
-28083
25929
-83003
21134
5158
-42361
98489
34459
89783
55667
-18929
40113
83496
34622
-81015
-58312
78646
85912
-43313
23838
-61735
97864
-64081
69432
88117
36530
-41766
-80634
-55934
-59249
-97748
20871
-35684
-91397
-76636
-42888
20082
-37527
-58956
7412
99380
57961
-19209
45512
-11276
-5234
-73516
21298
-99233
16587
30438
-77170
32862
-21134
-13529
86335
-96882
-4248
-28664
28287
-84498
-2548
-38106
-27494
-38930
82406
-19840
-57286
-68498
-88047
41516
94006
52128
68242
-40784
76692
29031
66611
-77188
71274
22406
91313
24492
-98793
22104
-95763
-94818
94763
97499
92193
-70407
18215
70501
25653
-76481
41900
84432
82010
9456
14794
45941
87154
52751
99531
-44964
-1264
45719
-53534
-28892
-67957
-93983
-98620
-64326
10982
93353
86167
18989
44583
-34141
46881
-23236
-88335
16346
-88187
-61618
-54804
87609
-16394
69208
-46672
-49439
36811
-28621
72206
-33269
46928
-20712
24668
72292
-85034
77227
-88287
48947
9338
73871
-46794
-65989
-33258
34611
67716
28165
62369
-63731
32330
-12386
-13134
24631
85889
-68262
-5499
-6770
51417
26848
-97515
29078
78838
-45454
-50285
-54859
-91516
-3389
33322
-74059
96949
-12493
-51916
71689
-93026
83546
24489
19061
5693
-87375
47315
34896
95029
5375
50238
-71305
54389
8754
29167
-18368
68447
8154
-15014
78522
-75785
-48550
-30070
78732
48595
77116
-95224
-39065
9648
-64077
-95563
-79860
-13580
-12767
-70362
-64226
11275
-1897
-16678
65190
-32991
68907
-19941
88371
-95406
96968
83275
-82519
-18774
-37743
70744
-54431
15364
-80832
70747
17488
31201
-81215
53238
58577
-53329
33365
54682
88195
-81674
2312
90695
12453
45982
35512
-63519
-53653
-6877
89185
15408
75368
54043
-79602
-7109
-11073
81148
-75977
60075
-98737
6776
88526
-3548
-23972
-4500
88854
61468
87824
-55927
-13751
78663
-45325
-61784
-36644
93356
51639
-23930
72315
2808
19711
-76735
58366
-50202
58320
78542
-27098
-84366
36844
67506
23709
35084
-40502
-54324
93783
-58297
-81312
8483
552
-6757
-82046
-17158
94103
80007
-38367
-56875
28704
26820
80918
-28175
-56176
2829
-50208
24030
87476
34110
-9438
53836
-23029
6018
13094
-51898
58039
-11657
-27922
5233
52383
14841
-3658
16271
92907
40347
12452
-56273
40900
77847
50543
-71898
39521
42778
75028
-61896
-96619
-28262
59593
-44660
-21856
-73392
51001
-77641
-86477
-9138
60735
-18672
14157
21565
83259
32450
-68728
-55807
-41765
-14175
99645
76340
-55449
-50929
-33236
85766
84059
-9747
37012
57006
-81354
-6661
-84577
62991
52311
-89894
4606
33847
-67460
41349
62243
-76549
49442
-71967
32761
22043
-74408
-10028
62429
97988
-81476
13853
33373
-5981
-85312
-21724
-50077
26169
-65295
51800
93190
-86320
-29465
-1628
-45437
-77321
-62863
80186
57858
98276
-33196
-3427
67118
-36745
58740
73054
-1899
79840
41936
74081
-15304
-72915
-10609
98568
10702
-4674
-17152
-15696
-48684
-82471
-25376
-9033
-48372
-3715
70613
66371
72437
-64904
-51415
-77462
68210
-81463
-36430
56784
33636
-65920
50376
-6143
-46093
6617
14937
-28212
-74110
80712
-63360
387
-26086
5049
-20333
-10346
96670
-19079
-54453
36687
-48126
-83863
-29098
69203
-94507
-798
-57972
-42735
73282
-3477
-3607
-3935
13874
-97029
-82868
63180
74749
56103
-30880
2250
-77642
-85491
-66615
-60151
46046
-90143
88200
-54573
20120
-88932
-56394
61029
15447
-14566
38033
70411
-4764
70710
-84737
99435
70526
43229
78570
-50759
73086
-30284
-10966
-63305
61837
7114
-26156
-60171
72123
-66581
-32566
-79185
-46006
-95116
75188
64764
71
49181
97500
20910
-68043
-9493
64468
90228
78892
37831
-20671
35180
-85973
-97196
-4708
-54778
94264
23196
83285
-60703
20330
37074
80388
-98035
42732
47649
88852
12792
-23870
49848
71223
-88634
-86920
-7745
69921
-48918
-62518
40575
-29979
29114
-31067
-37261
81295
58386
-39750
-53797
2820
-37141
-87943
-39810
-26634
-90357
64020
-43254
25927
49199
-26691
79184
99402
79471
-94934
10484
66750
27801
15628
-40091
-71240
-87479
92329
33175
78397
-77181
-39491
-14331
95826
-56421
50627
-18139
-67673
4384
85597
2637
25207
-84129
32233
-84690
-85609
-4235
-46642
-69791
59883
63146
27723
-47554
10619
71078
39539
-51715
13912
-3880
42386
-26683
-73477
41155
34108
25391
-73132
-17702
-13847
-69093
34832
-40540
-9393
84188
10282
849
84820
48310
-34792
-78569
-1774
82764
14835
-94138
64837
-91213
18904
76882
76026
80532
-30518
12636
60486
96290
-99735
72743
-42726
-1793
-41261
3925
74647
72010
-18089
-11397
-12265
-2909
60516
-95654
-98871
1777
-14207
47018
-15933
-4786
69163
92103
86914
53492
48068
84078
20728
-43702
12327
29697
-26111
-72307
-58621
-86244
-42097
73707
64640
50819
-92765
77169
1215
65726
63331
26459
25917
24215
97237
-64287
-1642
7421
8361
56767
77879
-76064
53249
60976
-54793
-67200
-5683
54790
40881
-87969
13683
-10625
-81333
62186
67566
-31558
69358
5251
75704
-23813
56780
46564
9302
95586
38801
97500
-56673
84528
74001
-19587
-91560
52543
19622
-75380
-70751
52546
-66040
-17436
-83603
6628
-63479
-50291
-90731
44560
-77743
19157
69467
52191
-82651
22660
93648
-89093
-81027
-87090
19763
-74595
-62923
64320
4236
-8690
-82602
82864
-50871
16175
-64811
67413
4509
82121
-46695
-19254
-63311
-23053
5564
-6987
-94555
60684
70876
-42751
47102
-77153
-8851
11752
49836
-79093
-55192
16212
-12910
57621
88844
-60493
-99678
-27596
33168
-50000
80096
-83770
32952
22670
95544
78229
23204
-31580
-32390
-48386
67123
-14317
44839
-99287
-53282
-62120
94969
73019
-25893
6859
95554
-23698
-17622
-5895
82251
92673
92528
18565
16444
50686
17643
-20988
-53299
-8801
15462
-53365
-52517
86253
-33865
-83150
-78081
-73426
51228
-43463
73178
-30788
7222
99759
-74691
83162
72119
-93418
-23764
-33974
-87876
-11248
-16701
49349
-48788
91029
32919
27272
-11067
18322
78571
58558
87527
-61036
98965
26251
-70061
31836
9878
-36600
-41925
-86551
-57241
34835
-27108
-23525
46464
-96739
76093
69767
-78147
79769
96177
-18664
90813
52898
51960
76665
19881
95128
-3104
60382
32143
87534
63740
21825
5380
86471
42762
-90074
22786
-57744
13174
-87837
11830
-71157
60024
-73038
90854
-25904
53989
-34830
-96485
-21992
14949
94447
-34772
-9386
-215
37772
94289
-8336
72836
-54413
-56265
-22159
63929
50903
-17859
91841
-69803
13646
-60243
-18201
63516
85447
-40148
-80956
81522
91014
46514
5420
86446
-58356
33295
1417
95220
-34735
12504
-38940
20682
-88439
11780
-60052
-33503
-47760
97421
-47889
1869
-2346
-30064
39760
-99692
-84449
68964
-31039
-58171
-23528
8424
81907
-24199
-85612
-95183
14915
72240
59792
-82140
-10786
47794
-89032
11409
45288
-9756
25472
-30806
58923
71890
-39418
51161
-49045
11265
53828
66179
-73400
-59779
-13150
-83649
97971
83123
34903
89204
53169
-28280
62847
15053
48992
-70896
-1169
-46881
-35883
-86875
-15378
66088
52571
-39874
32342
48993
27711
-60389
8892
-94123
77282
-68611
17354
-26272
43832
49028
-9542
42969
47006
72984
-59159
-96778
-9225
73419
51131
48381
33642
60896
-32003
4016
-96541
-90672
11667
42930
83871
69930
40959
-44782
35150
50509
76786
72492
66158
82990
30375
74873
-97072
21331
60292
-74683
-38670
8232
-22948
-51275
-12018
38463
48319
45752
-88615
76387
49214
1284
6835
28143
-48690
-6386
-96210
-44138
-68437
51638
-69266
91206
56143
36744
24631
61927
-20307
-40968
47258
-70305
34771
-22364
-2392
-54041
-19941
-27281
-4666
56615
76661
72350
9978
97981
-39836
13760
-32375
50857
-57177
-69085
4207
2352
43700
32523
-3235
-86582
-81403
76731
-5867
-71365
-73028
7769
-58272
-82142
86635
-18109
90740
-69386
45242
15173
18471
56421
23272
-72338
40593
-29120
-95864
-22119
-47089
-85225
24367
-63087
53202
-66069
-22615
-3915
40914
-10520
-71226
83122
-92278
88628
46231
17737
-82483
33739
25592
-82874
-13594
-74019
-71441
-43575
-71235
-57349
18587
57093
-63437
89680
-61991
64051
86408
89977
98734
-94723
53485
-63867
-22157
-56060
19746
-69254
-78257
63670
-46266
66113
4265
60290
-34077
65965
-76650
-12237
-69647
-54009
32008
28575
3259
-42669
22214
-76663
73832
-30469
-40018
10199
-75319
-35099
-42074
-87185
-51821
-41390
-65482
-70723
-53634
-41157
-56773
-69261
-17891
-68763
9780
55358
-61106
-73319
-34247
16678
57866
394
94057
-67429
-40444
73792
44971
71603
-53126
-71193
-49257
-16347
21087
-61093
8596
-2324
8549
-75861
-7207
-83425
52891
-78501
-62938
53363
-79935
93315
37874
-16521
92978
35427
-8137
21379
32811
-27692
52197
5581
87068
-38961
58152
-57415
-30639
-59963
22620
-87604
98988
49962
-99675
58307
-74497
74840
-41066
-1073
66171
-10547
-24524
-50051
90050
-90215
74476
-43600
92175
-8688
-24292
42065
-13006
-4011
78606
40976
-3169
68334
-28596
99267
67151
-39411
98305
-14648
50469
-99539
36727
-21897
-84538
28758
70059
-88659
-54707
-11598
-6946
-13868
72794
-57730
33438
-70409
89265
-56971
-69778
34124
-73802
65054
39441
22329
-48600
-92630
-39353
-13949
68824
4370
89849
-48402
-33544
27843
-91882
72468
-49874
4464
66990
85930
69049
-72731
-2813
94157
88639
86616
-83938
-45758
-82964
89216
91512
83037
79803
90310
-19319
40499
36324
97566
49603
4799
-63467
-83281
-81577
97106
98189
-50843
-80182
80008
70630
79757
-6165
55732
16848
-84243
62063
28572
1218
47784
-30972
-58720
-13166
57437
78358
70421
-84015
-19006
77563
-66661
-94945
-24664
-68908
92951
-12193
-19063
-59373
26762
-43685
-34357
16430
-80158
21842
-91176
9807
-93206
81060
15131
-67176
-3815
-89143
-7327
-22071
-23721
-19803
19823
-30027
242
30617
-84911
-21029
-98063
1241
-86074
1503
76596
-9925
-49272
-47501
-15375
-59121
29996
85083
-93353
22727
17729
-8798
-72239
-26593
23100
-20041
29558
-69680
-28977
85668
75656
68864
49896
-90628
-12637
97022
-55430
-68364
-36358
26060
87908
-3943
48780
-12307
25427
-86757
71510
-51786
-23953
-89582
16009
49588
-84746
88095
-95738
-49678
-92878
-23088
58686
-49657
-17211
-53795
43732
-5562
49914
-57400
8167
-47796
22564
77714
27748
-75143
-75711
-9267
-3050
18160
-36562
46474
-31634
89589
-49399
-54223
86923
84829
-71149
-20457
14725
-71631
15305
-21141
-17977
-49493
-61668
-12271
42517
93380
54442
-98532
-8747
64339
-66684
-51200
32143
51580
14641
79407
49750
-32799
97083
70414
-63576
-73131
93408
41498
-2109
64017
3141
-63794
-8256
-10612
43217
-70595
16931
-27083
81838
-82448
94301
64010
-28917
-57172
-12753
-16113
42041
87479
-86584
93040
21193
-58889
-1950
79587
-94630
41209
77780
88834
-43
13609
-63299
-57173
-10634
3187
73626
57977
-79799
-86774
-14103
-91952
12986
-58606
-67767
-62157
-22128
54971
22170
-8013
63062
-69740
-80486
68374
31531
-9283
26672
-18060
-54530
34030
-4634
10786
-75050
99883
-72188
-53994
-55180
40930
-75040
-16733
10122
-97644
13459
-49049
-5085
26290
26391
20883
7077
21794
-88616
98658
-24595
89036
-23803
13495
-17486
38155
-2525
68824
85348
79554
-69443
18709
-37057
42962
-89635
-88240
-22458
21499
-82049
-75252
-15039
11024
-74506
-32442
-16180
88010
-42722
47379
69943
39227
-63741
13512
8643
37662
45488
27432
-97324
-82039
64917
-81968
13646
-68360
79252
24880
-7727
-82355
6558
-89726
-88631
82070
-80478
-8848
-27298
91127
11869
96817
7356
38616
3904
96571
1248
-86072
57394
90735
97151
31074
-73321
-13960
17522
87451
21456
19043
58411
-52523
44207
-70167
-74497
71227
29778
-43522
60208
37274
-70311
-99439
33425
25619
-92417
-25864
-57318
-88919
61413
-32687
18717
-41280
-47722
-29424
-47000
14691
-62158
-7643
33550
90047
-36095
76732
-84839
-8365
6589
-80853
-83019
-77349
25159
42733
-13610
-62908
-58951
-30093
-67424
-95948
-67788
98468
-21815
-47468
41876
-7168
23089
-27078
68900
-92850
70306
60649
-34890
-32402
-91330
53152
-81393
-31455
-58138
-81025
-85461
54278
86388
86338
56044
53900
96463
-86079
-29575
-73263
-14269
49164
-39700
12474
-14298
4353
-85723
-5303
-46449
28841
26228
8946
18525
26546
24538
-84082
-6741
56252
-29378
-38871
-15215
-52862
-37462
-12093
-80030
75452
20269
-45801
-90273
-13942
2968
65542
53914
22120
-55540
51076
-33635
83545
91407
58511
-97795
34107
-59317
-57054
-66250
-60435
75008
91298
-59569
-37953
-74491
82503
-33841
-64855
-21173
53356
-23024
-99754
84719
28452
-96043
38052
-22496
35260
-68590
26271
33011
38193
61815
-67266
-48320
35502
81699
-84632
55121
19560
6930
33591
-41101
33208
41274
46153
10010
-10803
-50826
67746
55264
-81370
12602
-63092
-48457
-7628
6222
28519
-93350
-34924
67024
86590
-76063
89990
21864
-38421
36705
56058
-63522
-57812
4640
-548
90881
-8059
78182
83138
-19772
84421
8112
69965
87143
2290
93803
3116
74944
-79954
-7825
-2972
13633
7025
79015
4388
-78909
49234
36197
60108
-67950
-11024
-89533
-65032
19371
-80680
-25996
-26179
-78813
74961
-58893
-8745
60103
-31306
48579
-38958
-7375
-13791
-31704
-29059
-57189
21823
86385
77045
-84102
-7713
-29601
66965
-49049
-43507
-76537
11623
-10182
8387
-87139
-94902
60755
22298
83793
91118
-58927
-52955
77927
-46347
54987
8130
65072
-77887
-19591
92097
37648
-94848
56746
82843
2884
58005
92784
-37379
-13821
87247
23409
15376
81625
-32552
-22639
-24175
-62078
84938
42349
83547
57721
20897
81760
-85800
-51720
11155
-88176
96018
-3891
-13069
-26389
75902
68222
5988
-18210
-52502
56743
-55478
82260
-58248
-55407
26775
90111
-77098
8251
-75034
79532
-95121
81750
79847
87333
83018
-10166
-31095
91623
62447
6322
91527
39317
-96193
85408
-54756
-83172
-40342
-63178
34761
-43180
-7850
40996
82984
-97102
64463
10349
-79226
9786
-77809
-19905
-61266
-12313
-82225
-76552
35003
30782
5928
-59598
-51126
-98786
41613
-60890
-16739
-32872
-24718
88000
19805
75968
92548
-61312
20448
95967
-53511
-90838
-97484
34562
36223
92128
68640
-75820
-87506
-23998
-79138
-89996
30129
-31127
86003
23425
-97515
48126
74903
-82333
-97828
-17380
-52330
-92024
35507
-22420
96968
-95405
19498
-82287
-98027
81941
-50387
-40113
51502
-90920
10692
-26516
-90820
-87826
-76729
-49641
-48356
72019
-74592
-69585
55311
-71438
-49032
-91780
26925
-36276
-68756
-81598
-96617
-89346
28526
-96721
-85862
-96912
-19149
96324
47552
-83796
16878
-6566
79720
-86428
-64722
39560
-94734
89849
19817
20931
-63305
17606
-88866
51921
86353
36502
-65281
-60169
-19237
41965
-66951
12058
-55529
-57205
90986
-63081
-85050
10018
-41770
4088
-90096
-77911
-64741
-16129
-25602
-10685
67917
-66229
-77993
-2048
84891
21003
6702
69874
32322
-95998
91488
-19280
40320
90332
-85794
-62789
49640
-93853
-88448
-66589
-72283
-78675
-32947
-70593
2420
48758
20449
-63650
78065
22922
-58514
-75607
64991
19068
31184
-48627
-16410
61935
-29364
-53345
-91121
45981
-80420
17792
57328
-24738
-54462
85998
-1230
-92365
80557
-27292
-83264
-31107
72814
83233
-84781
-63597
-86315
-89958
-57053
69687
-76423
-49066
-25644
54902
-84077
17843
96060
3992
-74197
-41047
-16301
65114
34395
-59588
67564
22047
492
-56394
-40710
42153
12981
42512
38504
97778
-38781
19057
40180
14363
21542
68991
47775
83023
74488
499
61434
7706
21113
81132
-21301
-25263
-73162
-27652
-84203
-31375
-25723
44729
1402
-3770
-66571
27208
-96300
-82629
-69253
91229
48748
61888
37591
-57802
-18705
62527
-7750
-57538
25808
-42570
25221
-40616
77172
-50985
90962
-13695
82538
-43922
58626
-37034
99968
21209
8591
9592
-94075
6473
93413
98304
1179
3817
-61452
25998
44229
11962
28161
8303
22966
54007
63395
60747
-14354
-69270
-55338
95459
30140
72071
15414
5184
-67663
-45507
-43594
65694
19771
52999
-77558
21623
-33112
51799
-34969
60826
59090
40432
77989
35764
-27807
28730
-79747
-65353
80684
-25282
24464
-53522
44230
-66895
49544
-92471
99906
17696
55022
-18352
-50971
-59011
22461
-8942
38905
-43276
-87710
85264
-61447
-82332
-94152
-36554
81912
46987
36194
56099
55195
-57450
19414
-58818
62542
-88058
-58625
-864
44327
-13440
-64510
48977
17684
-66510
-57153
-44181
-93426
58016
-57593
44136
-12350
54414
-96698
-23905
-19690
-77485
-21054
76791
31561
-4912
90992
42209
-61054
53925
19965
31602
85768
-24188
-25312
71451
39554
3985
-15034
97337
13584
-92614
-6716
-98741
-70316
86107
-76037
6912
-8207
-67875
-76438
-77376
53282
50914
76620
-65497
78547
-35257
24810
86255
-95573
-53799
73569
-57480
39658
-50899
-54457
35597
64813
-43604
-83847
69663
-8327
45439
72745
75499
-1991
-11992
55841
9040
62542
19721
-53781
-39003
-88357
-71388
72606
-19072
-19061
34653
-49920
48537
-86818
846
-90734
2707
-65324
593
-11018
83730
-16466
45800
-7717
45873
-22954
-64824
-81873
-93782
98234
-54934
-84593
95364
-47252
86216
12834
42204
90547
-16025
57852
-44251
23118
-7536
-2226
35604
-4179
13525
44154
-14011
2113
28346
69565
6217
33773
67134
-68691
-7551
-91889
11818
86735
2760
-48019
92743
82032
68369
-66235
-58832
71550
-9467
-42371
-90985
64728
42561
-24089
-27416
-42114
-936
81208
-81677
12376
-16241
55212
61619
83571
-22470
81298
70694
42220
11271
31377
36818
36085
-75322
85937
-1696
10154
-6609
16216
-82701
-19737
-19640
81396
92230
-72532
79956
-47560
-23896
85786
78425
-81074
89894
35599
42494
70731
44640
-22150
-88515
4385
-25360
3846
44049
73877
14892
54516
-73225
-45493
11198
-84871
78908
-55342
-89862
-7617
-17090
-85072
-31752
-2434
-61906
84842
-79573
50538
33069
67701
-3875
8773
20188
42601
92702
-44783
43892
71943
31148
-12108
-83177
90787
52723
-3043
-78008
-61750
52335
2048
28681
32337
38800
61540
23947
-98848
15459
12364
-94944
-87571
53654
15319
84990
79444
48235
42625
-58008
-2480
13405
-28336
-27677
-98648
57501
-56053
-9381
92780
35202
-90191
59854
-40465
12609
72151
-92063
12592
23087
-45121
-18141
-86621
-96203
74085
-50278
-32951
-79568
-49320
10591
23461
-24112
84705
51230
85574
92748
-15388
61900
-74243
-19419
-72334
25729
-95061
47764
-81981
-62849
13369
-17532
17888
-98417
15780
38765
35874
-94985
-99500
-87137
-10989
15649
-99425
2679
-95565
76929
-66514
-51446
12166
-34534
8256
28591
-82945
31112
-48672
55157
87715
-21169
-52093
96957
16103
35790
-52338
57371
32708
-30035
-27013
62567
90541
16653
-39448
73640
-20014
10134
-73360
18625
-3144
-48500
97326
60278
3087
16715
-21555
64574
-61244
-97836
-78252
-23362
-78372
76933
-82755
73885
-21572
60354
71511
-19774
56539
13043
-76533
64420
87460
18848
72210
1759
-19246
73040
48529
45365
-31465
-23745
67512
-64636
76517
-46981
-50890
41325
-92843
-24076
90539
52866
-9086
-71461
-86241
-44777
-87022
-27269
90786
93544
-39339
-6333
-10103
72583
91111
34744
83019
55888
-48363
28905
-86759
-44494
-55195
19803
-86116
48295
38931
75448
39828
-73697
43573
59121
74964
-29628
-36459
-26262
-80093
96035
-62146
-36156
-33796
18734
-73056
-88527
19473
74879
-20323
49675
-37598
-39044
-98239
13814
-72811
17796
-35344
68566
28262
-14567
-45268
64125
-76381
-63570
76617
56759
-91244
-45831
-36053
-68853
-80377
74548
83231
-53736
-34754
-65166
-71742
5244
-93438
-52933
-86043
32752
-27238
49141
-80502
34107
-11888
-67512
65504
28960
53420
35404
29360
4840
8229
64137
71471
-26250
-40835
-94515
75444
-23544
-15285
32044
52758
-91992
-54989
-86217
-84586
9587
-18551
-36233
4331
-29275
65556
36882
-92389
-71738
7723
56145
-54984
87530
-47419
-52829
95073
88747
14692
-52308
85085
-18929
71797
82286
-81651
87942
-77852
82396
50864
41048
-57296
62049
-39873
84801
40018
63014
14959
-91408
23959
89854
-68698
-32951
69906
-65825
-35623
-56952
-85128
30660
21043
35460
-56329
-33737
8428
85551
-70099
-59459
-18133
34553
36436
-79688
45894
-68036
16046
-95968
-62856
-76549
-79205
-7295
61258
-10364
-52915
36286
-63776
-86881
26602
73455
89177
28800
77121
-95864
69774
-249
3070
-89593
53105
-12182
-16506
-83391
26074
45749
-62497
-57112
-99348
-73165
79442
98201
92416
36280
23180
35510
27924
-60032
59418
95018
43987
96748
-14482
58819
39963
74368
13608
-61370
-74368
42569
72781
-49637
24743
20113
-87016
-7167
10626
32233
-62342
-69389
-75240
75964
81659
-8724
59008
-20290
-47627
43201
47016
-67017
7083
73829
70779
85206
-34856
-22497
16174
83372
8551
55096
83614
46734
-31098
97795
2318
-94355
98735
-60684
78980
25415
-78314
-24054
25131
-72616
95588
62661
-90359
92828
-77719
94122
-40274
66842
-13381
-7795
90771
-32602
1550
96214
-95967
-91992
48865
-49272
41465
65293
-15432
87229
-17393
55512
34091
34200
-30809
12309
39029
-54002
-19309
51495
-28120
9764
-92434
23550
1575
-91012
-24357
-30389
-36309
23373
24699
-30169
41510
61251
15117
-95046
53168
-84626
81293
-27710
-36940
-91941
-86702
-46399
31200
71131
-56761
73462
3030
-52006
27548
37632
-52572
-52873
-33771
4567
75945
-54589
-30425
-49505
-37720
-44391
31888
-54430
-71999
76357
-72016
50053
-88169
18312
-80883
-85608
-89822
-77994
77292
-23237
97854
-77932
-18841
30705
15790
-96824
43734
59110
60892
-95809
-49984
-85753
45946
47836
-77437
-49763
91485
-61961
64872
-54272
28507
-779
41469
83415
65557
99552
-86603
-12272
-70630
-71157
62866
-18211
-28378
-76120
-87730
54028
41590
14414
67191
-74961
40498
42062
-86516
-81640
791
-65057
-13821
-93790
83687
39841
5196
-83214
34232
55171
-35497
31571
-42283
73152
-834
51148
-47954
27661
-40568
-64591
-40118
-78356
95993
-74308
67324
78057
34508
65689
96436
-78462
44094
-25639
-97185
81699
-49309
-17383
-52536
43094
-38024
-22680
-5091
59283
-96304
-17285
-98739
-67609
74307
42568
77707
25494
708
88042
8746
69526
68246
11079
1286
47009
18696
49761
95924
27956
67806
65584
52229
41080
83357
29494
84086
59252
55380
579
89462
13482
39525
-12838
95436
-18170
81538
-74849
-40471
-37900
-84192
6124
47171
-7495
62129
-53066
25625
61582
-17856
-90129
-86721
36819
-75955
-37505
-91351
92311
90551
52744
-26575
39929
5031
2165
-15811
-46020
-88721
-8663
98095
-33934
22218
31511
97487
-5302
-43467
46016
-13901
-18852
-84527
38714
64092
-80340
37570
-27479
-50150
69853
64034
-81511
-62301
-1828
-42063
58980
-32183
47995
58629
-36819
41062
70581
-76094
67434
-56066
-45024
56305
21581
24598
-40753
-45268
-93802
-92696
52146
68588
49509
72968
-49486
20996
54947
-47392
80552
-38053
-11766
54959
-82522
-16921
17211
-49359
18752
95107
30913
53426
-92646
-30114
26852
38562
-25631
-34270
72799
29709
40462
78729
75355
-28539
91571
18982
-31412
-9793
-77241
94389
-15695
-76735
-77913
-35659
18748
-87606
-79788
87127
64658
-75908
94815
92462
95979
57795
-42102
-81824
31162
32369
68970
-93731
-60721
53992
93221
-42145
22010
-71477
65682
-33242
23555
7384
33976
36277
-88205
88852
37998
-54576
89736
3545
-45681
63988
-44071
65551
-48706
32564
39735
-78137
-16339
-99320
-87273
-73792
-28808
-8030
62291
60108
42798
51056
47775
89008
-66841
32027
30608
78067
56239
57945
85370
30565
40033
90529
49897
-41498
-3571
8347
-91966
44402
-67746
-10878
-46446
-47589
2014
-48853
-85505
-55074
16886
54281
-24862
19835
-53168
-40657
44673
-8213
76510
-31092
78406
-24595
35851
-2595
34290
-75526
87505
-93344
-99878
80074
-82226
-73538
-40227
80574
-45661
23389
7408
30044
-56331
49846
-26187
66710
97729
-83394
-76086
-66691
-88126
-96780
-65267
22122
-83736
91252
87329
79575
37907
19692
44485
-64599
79617
63118
61385
72121
60459
34389
-51238
-84853
-9953
-14311
-36876
11567
-37893
-74676
-51294
-83756
-94219
40650
860
-23787
-5379
2855
-89240
-14608
-14628
32263
-68182
-57259
89159
67320
-38509
-62294
24102
-86322
62625
46666
-64658
70871
-93912
-93646
75396
23979
-82710
-55242
-33827
-92284
-69633
99313
-75427
52410
12182
3925
892
645
-26175
-12915
12740
8255
-89196
66152
-26361
-24720
64465
-96746
-68360
52914
-3234
-77986
-1483
-22717
35725
-87862
88154
-1198
-56157
-59559
-35423
75524
10197
28255
-11837
-246
-88560
-21759
-55529
17380
-76682
42163
59828
-28879
44502
42088
76782
9769
26758
6172
-51607
5706
77671
-97166
-71755
61599
30308
-19330
-41989
-6978
-33168
-97041
15827
65308
-42407
-96811
-26617
16070
-23330
52485
82635
-65251
-99026
51221
31976
1813
-62530
8513
-68794
30492
26017
-58051
-98493
-73568
-51170
50910
-63326
-97818
-55075
91122
82644
-99385
-48543
-95668
-85698
47912
-23361
57415
50953
-71663
94921
67507
50730
6152
-72716
3707
-42330
40804
80417
-74148
6462
-17149
95984
-84125
58800
-73225
-81940
6367
34902
-74933
-13857
20390
81923
-36213
-25954
-33335
-99539
64564
74806
57351
-20265
-73660
47366
-73741
-34068
53587
72692
58625
57896
48280
30607
81997
77601
-83939
-29701
-33900
-89508
-26275
87284
-18276
22457
-37017
16462
42363
-94956
-2246
80769
21464
-22422
77104
7187
1827
-62818
-67217
60906
61170
-82003
3411
-84496
-88531
79127
36090
-88964
-67830
18039
-26278
29742
-38403
28750
-51580
24155
29942
-90850
48014
-12004
97597
-78464
75142
11003
43788
-73332
-52492
-79231
47235
59729
10117
-54898
75203
-65635
66718
-93917
-96288
14951
91227
-59905
71445
-12967
54207
77698
39853
2763
-32494
37977
97596
-56748
-33739
-2535
-17837
-12221
-32468
-9886
18714
2525
-27585
-65746
80561
5554
-82350
-30836
13359
34342
13112
81992
-60178
-79920
33774
-2972
-63558
-76312
72644
-5868
2685
60936
-70947
13905
21308
3805
-64896
95578
-46789
98980
12894
-72252
-76803
-68065
-36073
-64318
-84305
15058
-76455
-7595
2098
99258
-38432
-4772
-99088
-59599
-25118
-60206
43804
-37528
91133
26999
-58776
2611
35247
-52164
-22974
-71401
-62277
21818
-84618
93803
-61721
44338
39302
-27826
-71185
-13080
69297
70190
-55128
-63944
29123
40097
-96154
-61620
-12757
-49518
-41192
-45049
47572
-70437
-43967
-62619
-30211
37525
-34445
2439
-32347
-49868
-73017
15827
-79331
-22934
30028
-59578
-71849
97918
-43255
91345
29355
12832
67562
-58722
-66214
-3600
-29734
-23925
3375
51837
-72858
-46029
-55384
-39049
-27096
18787
-9874
-1910
-13379
96389
75053
-86615
-51577
448
-31240
75873
-3398
-88695
55901
16796
-49319
-41918
-37166
-47015
38006
88196
7929
60726
44237
92432
-77681
-86108
-42321
56177
46855
16367
-34812
-72022
72956
25711
29780
39371
44524
63949
20697
39942
92177
1078
-66502
-74723
-67702
-24845
-84711
29380
78928
76680
67555
25859
-71301
-7747
66854
59177
77565
81883
71629
-50086
-31990
-6692
-66052
-68348
-60734
35989
-2641
30579
91138
91028
-6845
8179
10804
-79756
59366
42835
54400
-96707
-27360
93531
-60567
22283
29123
-68220
605
-82274
51592
49848
17330
-7665
53556
-50624
25592
84674
25033
57702
37396
-36468
-31236
85212
98834
-48105
32529
-74120
-37302
27050
99068
-78284
-44968
-54895
-28506
-18643
-67895
45646
-51620
68614
17690
54095
-24687
-46611
23358
-2855
89028
-4203
47626
-39523
56884
-8844
-8456
71511
-73793
-30164
-76146
34262
-69467
-84737
-33876
25535
-8504
86205
-79069
13819
33731
28270
-26301
-14168
-67288
-93200
-63484
-65813
-15640
72419
-88430
54858
9088
-5155
-34713
53566
66053
67351
-20669
48091
26118
78849
-23489
-80259
73274
-33192
6279
5121
-59579
70442
94086
5609
-88807
98299
-29342
56239
-74779
-54673
3178
-43984
44235
26786
43477
68618
-40346
-56193
8720
81169
72434
-33189
-38401
59065
-99928
67776
-73612
57072
-21639
79417
20072
-28050
-16993
41886
62095
44375
-59039
49769
60878
98243
58441
-20679
-40576
-79479
-21835
-11799
63568
-45308
80351
5752
-95705
-14335
18810
-41925
49610
-43360
-68095
87617
-90140
-59610
-36213
-30167
-87919
-84474
-75457
-24418
96632
-22798
-53535
78773
-46096
-87605
58634
-66688
-77458
-17339
-71083
-28460
-59481
81595
-47276
-19649
11203
77746
29380
-13659
-21745
-87872
15501
-13099
-808
-7681
-20731
-6989
29907
-97955
-95653
-65615
-98603
-49267
49267
94897
31497
79584
18993
-80674
-31349
61424
-94703
-67747
-93476
56196
74829
33745
84798
97504
-91425
-21490
-37989
70146
14758
90226
35781
-68362
-1683
58570
47153
-79653
80943
52778
-66817
36570
-14146
46444
-2027
94765
-52768
86169
-88996
72777
82517
-81591
-51598
93030
51830
-64676
-26133
5398
-26200
-2396
-44915
73754
36878
-29103
74481
20484
-48815
-11277
1503
16267
21614
23225
43426
2789
-89546
-44957
-80187
-5784
-36074
47902
68664
60484
98198
-46456
15470
22828
-52980
40599
95550
-85325
-82669
54209
88104
-30836
73282
74160
35521
-5320
34841
18545
-98415
-39824
-16634
2381
91349
5803
39260
-86090
53916
858
-19116
42932
-43476
1072
-67979
49191
21083
-98414
-35162
-11253
-33164
75333
-62138
-17165
-15006
12317
86504
-96079
85676
-85535
6739
-44962
82539
14607
27170
31695
30042
-81617
-72168
-51005
-57869
3282
36884
-50759
42584
-99912
-50462
22081
17958
11505
6311
-98561
30235
47256
-34974
52255
-68287
-29000
55417
-98152
78079
-14834
-40988
-88
7009
-36822
87233
-70881
29119
58240
-75295
94181
-86734
-77973
-46876
-73840
28301
-19290
-18435
-99032
16566
-18019
9822
-61642
15803
-19490
53513
-50269
-74194
10664
-34713
85329
86430
-83337
-78828
82402
40344
-70350
57004
-17421
12896
16084
19189
-34598
4707
60579
97781
-59611
71299
-62521
90384
53242
194
-13355
-69327
-19268
15711
73182
29634
4065
-62245
78974
-88506
13295
-54462
54460
-700
48689
-71575
-99038
-56127
91539
-95433
-59954
-12307
-67399
57231
-51758
59859
12541
7516
20612
-67828
54168
-41127
18483
-78368
-71328
-40292
-8908
-80109
-37861
-64685
-12576
-8428
9969
90315
38556
-36285
-2930
-27902
-31231
-52304
18217
-55601
-43318
86488
-76617
-91320
5660
-75191
90384
-74096
43375
24220
-69693
14885
43385
-65299
-2704
30811
9444
-76098
-52274
82098
22362
-85710
-46106
56723
21494
-48220
-19634
4724
15428
94454
-23316
20974
-17319
19954
7568
40807
-82573
-31442
-55079
-21551
-59848
-44729
48476
49832
24005
-61611
54244
-52588
-78553
8940
-4892
24682
9609
80204
-80325
35597
72808
-85170
3665
-92239
4703
-148
85785
-51592
-82257
-28201
-34946
-28450
53868
26663
57452
18037
-32138
86046
-49954
9676
86730
2455
89520
-5748
-28787
57880
35065
-43211
-93619
-723
61166
25887
-51188
45076
-19709
-49220
-52550
3956
-48427
-22755
-44559
-58789
-73512
39418
18090
19725
-82139
74094
-80506
16149
50388
36804
4231
30876
-80458
7117
97863
24950
-37023
-6696
-20697
-61923
-290
-4838
-53455
-56191
-75349
-199
-67692
-65688
21265
97187
32955
68734
-38863
60148
95356
15343
-3775
24649
27480
-37613
18142
-27464
93576
-2267
-779
80895
-29784
-20221
-2999
-94255
-13937
96186
92277
-97636
-61890
44699
-74818
-92998
-96799
-80842
69313
1800
-44192
33097
24638
-75366
-83024
-39098
58525
27622
-37330
6434
71166
58762
-53085
-85067
49624
-82370
66186
62090
-35931
40612
76887
69440
85560
-13464
34357
-42723
60446
73957
243
-31298
-38921
-25767
94057
65441
9027
76101
-56971
-9720
-44435
61542
-44247
74765
-34318
81018
92759
-14979
-88172
-31486
-59296
98982
-57028
90250
44213
105
-12845
70620
95953
-11926
-49562
15493
87022
49264
-6113
76642
70566
90140
73510
70432
63016
-82773
-21687
27263
13513
92871
-64662
79126
21158
85748
65156
84329
-71878
1616
33607
41559
-53827
90348
-52651
-83883
11578
-31084
-1854
89257
83604
93249
-43443
93154
-68164
93484
66141
-37066
85019
84224
-65614
-46532
-72959
52966
-92832
73929
96821
-87061
98564
-44006
71814
-75710
12294
-78437
-39087
-91904
-39033
-93827
51454
-91436
27759
-7434
-51532
-27321
49049
83383
63078
37767
-83969
-28044
9195
-28749
45422
83807
-9148
-45768
10005
12305
-40745
-49336
-40610
63589
-78198
-41530
63574
-95723
780
84085
87444
-44140
79116
-35496
25592
31640
19794
83685
-15431
-44841
1296
94578
99847
-79164
-33436
-80842
-19029
-66944
56671
66966
32664
-52397
-38825
-25530
-47647
92786
18504
-19640
-21463
56036
64570
93661
-4269
46666
-98892
19612
9191
-93856
-14420
-79979
23962
90928
-57254
98657
-71934
-17391
22256
-10325
-71095
25871
73218
68232
11611
5244
-98540
35806
83663
-87690
32726
-48619
29262
89029
-83242
2634
67755
-66419
48811
22001
47606
34114
75031
-84469
86801
6403
-51540
-59426
-15529
-6811
-54324
-76616
7161
34732
-8079
7327
-11793
59737
-61233
55563
57183
98574
-76351
-26099
-42164
76766
-88909
-10537
54170
86221
83133
-83071
-12483
-93404
99322
-89275
90710
-50206
58561
9559
36156
-62559
-8525
-93322
-90416
-43903
-67307
61461
-17408
-61511
79352
77010
-58421
87791
11369
62974
51347
-80224
-28240
13499
51852
-86531
28112
79108
-93092
88247
61155
-84726
3393
64950
34089
51214
-6220
92480
-82242
-57076
66042
68757
-92856
95447
27070
-20074
79962
-15531
-94084
-65425
45618
20648
38798
47301
-72988
-71386
71042
36835
35213
34296
-11474
-11186
-49777
-63179
-74335
95240
-14986
-97054
64615
37961
71089
46323
67401
95506
99230
95378
-37971
-64738
-96006
-76211
-23357
64063
-38929
-97294
91075
-67592
-7982
662
-97458
79830
-36309
23619
-31009
2059
10057
15108
-55206
-51283
88061
-97151
-51306
-40964
-48712
-74203
-78217
58175
-91557
-28657
36568
-71912
-45897
34527
-74193
-83379
3227
91550
-2306
-40752
69184
-14845
-88010
82900
-21299
8670
2978
-33553
-11357
84243
-1466
90684
-41198
-45486
42195
40116
-36926
88697
-59747
80041
35488
44560
-63717
-31411
25105
-49790
-15467
99397
21128
-39365
31157
-66234
-87035
25123
-21062
-47694
62767
94769
37451
74280
-76504
-59594
6083
29761
-46634
97434
-57809
97852
8735
-86833
51520
41173
6877
49337
-90650
19113
-81606
33214
-35690
-27148
19633
10124
93355
-47945
-98857
-80242
12808
-74943
-62027
-52007
-86320
-30034
-48374
19066
-82203
30874
82748
50819
67741
-86972
92138
-50242
-6799
62616
88093
-26417
-51132
75076
-89929
77569
-29416
-54409
56247
37807
69523
-5798
76845
23503
68443
-10264
-74019
62371
-54542
5546
13860
88001
-90954
-37099
4665
98154
-17871
-96169
-69900
88785
-57241
-39978
17300
62998
58035
-56222
-69338
51531
44016
58918
-62971
-12044
-5524
-79746
50090
-84639
77246
96307
-56216
75629
-7647
-34219
58414
48455
-28847
-49798
-13731
76901
76387
-17235
38335
-64048
52411
-14761
-95273
-20159
-31843
79611
7848
-79019
91601
-84103
-40770
83198
-11284
-45143
7530
40289
-65278
62241
44108
40075
59897
-75266
-58156
89151
74570
73752
21205
-45552
22385
15095
-14603
69506
88027
-35680
58138
61149
-85753
28546
-69513
-78704
-72413
-96500
95244
-61840
-60362
85448
-33904
-42094
40791
62614
81337
-92755
-36916
-32345
-83619
-90897
4570
95195
6353
-22212
16712
-89175
67448
-74822
1036
7827
-54846
-31889
89259
-61855
88805
94824
-20742
980
24451
56951
33902
-61283
-34046
-20118
-49541
96311
90656
16344
-66814
-49223
78480
-73407
-63127
-41867
-88096
-52494
-40828
36812
-63342
-51408
-10362
82991
26059
-5436
-77612
8121
81382
39082
53971
26894
-32188
78337
25723
72217
32157
-87079
17153
-10937
51588
90074
-44017
67320
82597
-94045
-33144
-48694
-61557
-86847
-85313
-38481
19178
58087
12800
24501
-11325
37269
-5000
-75414
-44115
25996
31389
-84886
65477
-89779
30240
55010
-34395
-86555
87393
31357
98844
23176
41526
57454
-20627
9239
89261
-58628
-48106
39143
-80452
-64513
-33936
-41825
-48375
73491
-37685
58874
6184
48441
67670
-42326
27302
68479
-7532
87826
77926
-76978
4688
82885
11799
-81852
54495
36864
-84628
37134
26058
-83166
77900
4388
-72653
-89186
-46523
-83441
54711
52560
64798
60584
-99203
-82281
-15280
-16351
-35757
-54398
36754
-8228
4920
32647
19837
30381
-46792
24313
-55313
-67533
-59050
-22542
-69496
-50520
88404
-91442
78505
78412
72674
19100
33008
76945
-20556
64709
39780
-17391
-87912
2441
38982
30993
32073
53970
-13510
88907
-65867
66756
13486
-60605
-29991
97573
-98356
47935
-38041
50359
70153
-40404
-26782
22563
-62912
-89937
82608
14714
-52968
73144
87032
-73378
-12188
-697
-45540
-63374
-24384
-48565
74553
-56570
7620
-16013
-81425
-76369
48477
-36447
79305
37292
55456
-15484
23210
82100
-67087
6146
-92794
15254
69969
61330
-11783
33647
80934
44296
-86289
1528
42544
31800
-51783
6674
-88845
24773
-10930
-14353
-18849
-89678
-11348
-58956
60536
-15219
33853
51267
-2222
40678
-58970
9433
92511
-75275
50647
43829
-79781
-90319
-15098
-39445
59522
-82388
-73605
-38163
-25756
27562
-87153
7220
68223
11819
67766
56976
16958
37789
38570
-89497
-56506
-1196
41167
-97138
44506
51269
14372
-26847
91909
76000
-79886
-60163
47411
-31035
